3
3
12
8
-4.436994078782154
-0.436740142398553
2.3636034275933913
0.8366224980030558
0.888264319385795
-2.400923655030476
5.512492129791128
-1.1623876344757813
5.669671176780848
-2.116702206473518
-0.9830729285641027
0.15467744946436482
-4.474953215480031
3.187770878212527
1.5918748337259647
0.8078910527577493
1.7158194773063777
2.016184884914363
4.617472579627675
-4.626508629681819
1.088932239722642
1.1540540766300633
0.4372826353877381
1.9733812521326186
1.3942891944539888
4.169313369327478
-3.762019539854175
0.5656522532818758
0.6728036807757758
0.26058348074157195
0.20649478948668762
3.1888817734870742
0.8663851982231916
-2.436555080662867
4.004762551636707
-0.7930452501945336
-0.3221761971052981
-6.271995104600166
-0.9686892760750268
3.9708059757840823
0.40737235294428464
1.0166283252984583
-0.28081627250332386
2.493355923738406
3.604461343648119
1.4966900790138715
-0.24080946561979613
-2.776711745159862
-0.7782181674762937
-0.3401935290380021
-1.0018755311957115
-1.133241408479489
-0.6841768636975224
-1.0790340979373882
-0.5411743989747259
-1.406784504979078
-0.588140964609988
-0.4549258948578721
-0.5830091966643158
-0.5957971640692937
-0.1989426619286542
-2.589123072264832
3.927627100046827
2.450243688226637
-0.18923062935091073
3.9757514399598106
-2.7230872795230026
1.1131262763332397
-4.07847646722645
1.97434426745105
-6.810494393779937
-3.4241204276494535
2.88065310276674
-1.7472877842339591
-3.7419749429968276
-4.074313527486958
2.847986081953951
-2.2778210691385645
-0.17116817700753173
-0.07074426259932898
1.9523750418755053
-1.0873676663954464
-3.7463503668544704
-5.017481861219879
-0.37644627793317287
3.0547518014622748
-0.9099814548284128
-1.9836162814141298
2.951330305049218
2.1002938481003888
-5.301096118456664
2.9590426795963
-1.580041063375034
-4.886467179661963
-2.0419174371633213
2.639526960538086
1.0253450349464046
-1.916419303544504
0.7623858055455927
-1.5101347614728142
-4.765913178168432
-0.6475440897119769
1.5042015270571503
-6.06653296134389
-5.2124093921366805
-1.0267154480206557
1.2157425981036338
-0.7381790629318478
-0.8819168962224176
5.362236924394362
-1.3262005417851532
0.3613471599575312
-0.5463379500714697
2.6938256147104083
2.1942811205040034
-5.171183059287921
2.127240721735585
4.44221676953253
-1.0568927793156582
-1.0990033204867604
-2.370683507812874
0.10352669805357666
-6.493408895391619
-1.7036346907477924
-1.3578090671043481
-0.9149979084208459
0.6407788757975608
-4.077683198162957
-4.228782969033338
4.14559715360479
-3.1451160882942895
-0.5008984455197353
2.295749966893511
-0.8335803639530647
-3.456106797247989
-3.087899648405264
-0.15118025504930493
-0.7878595046542567
-0.303283959582338
2.6035648333752897
2.373126342221759
-2.339009615833103
1.7643984244875384
-0.3228039528060564
-1.9809677683851852
-6.029936479065952
-1.8633321848461302
1.8609261089355666
2.9372181300369142
-2.2861126744571783
-3.51726313156994
-0.78439438007923
